"[<PlaneState.READY_FOR_TAKEOFF: 3>, [3, 1], 2]","[<PlaneState.PROCESSING: 1>, [3, 1], 2]","[<PlaneState.MOVING: 2>, [3, 1], 2]","[<PlaneState.WAITING: 0>, [2, 3], 1]","[<PlaneState.PROCESSING: 1>, [2, 3], 1]","[<PlaneState.READY_FOR_TAKEOFF: 3>, [2, 3], 1]","[<PlaneState.MOVING: 2>, [2, 3], 1]","[<PlaneState.WAITING: 0>, [2, 1], 3]","[<PlaneState.PROCESSING: 1>, [2, 1], 3]","[<PlaneState.READY_FOR_TAKEOFF: 3>, [2, 1], 3]","[<PlaneState.MOVING: 2>, [2, 1], 3]","[<PlaneState.WAITING: 0>, [3, 1], 2]"
0.0,0.0,0.0,,0.0,0.0,0.0,0.0,0.0,0.0,0.0,0.0
2.5,7.5,,,,,,,,,,
0.0,0.0,0.0,0.0,0.0,0.0,0.0,,,,,0.0
5.0,10.0,,,,,,,,,,5.0
0.0,0.0,0.0,,,,,0.0,0.0,0.0,0.0,0.0
0.0,0.0,0.0,,,,,0.0,0.0,0.0,0.0,0.0
1.499999999999929,,1.999999999999929,,,,,,,,,
0.0,0.0,0.0,0.0,0.0,0.0,0.0,0.0,0.0,0.0,0.0,0.0
0.0,0.0,0.0,0.0,0.0,0.0,0.0,,,,,0.0
0.0,,,,,,,,0.0,0.0,0.0,
0.0,,0.0,0.0,,,0.0,,,,,
,0.0,0.0,,0.0,,0.0,,,,0.0,
,0.0,0.0,0.0,0.0,0.0,0.0,,0.0,0.0,0.0,
,0.0,0.0,,,0.0,0.0,,,,,
,,2.999980926513672,2.4999618530273438,,,,,,,2.9999618530273438,
,,3.0,,,,2.9999999999999956,2.49999999998181,,,,
,,0.0,,,,,0.0,0.0,0.0,0.0,
,,,4.999997615814209,9.999997615814209,4.999995231628418,,,,,,
,,,0.0,0.0,0.0,0.0,0.0,0.0,0.0,0.0,
,,,0.0,0.0,,,0.0,,,,
,,,0.0,0.0,0.0,0.0,0.0,0.0,0.0,0.0,
,,,0.0,,0.0,,0.0,0.0,0.0,,
,,,0.0,0.0,,,,,,,
,,,0.0,0.0,0.0,0.0,,,0.0,0.0,
,,,,7.499997615814209,2.499997615814209,,,,,,
,,,,0.0,,0.0,,0.0,,0.0,
,,,,0.0,0.0,,0.0,0.0,0.0,,
,,,,0.0,0.0,,,,,,
,,,,,1.5,2.0,,,,,
,,,,,,3.0,,,,2.9999999999999956,2.5
,,,,,,,5.0,10.0,5.0,,
,,,,,,,0.0,,,,
,,,,,,,,7.5,2.4999999999954525,,
,,,,,,,,0.0,0.0,,
,,,,,,,,0.0,0.0,,
,,,,,,,,,1.4999999999999978,1.9999999999999978,
